0.0 0.0 0.0 0.0 
0.0 0.0 0.0 0.0 
0.0 0.0 0.0 0.0 
0.0 0.0 0.0 0.0 
0.0 0.0 0.0 0.0 
4.90194264883e-08 0.0 0.0 0.0 
0.0 0.0 0.0 0.0 
0.0 2.49059932718e-06 0.0 0.0 
0.0 0.0 0.0 0.0 
0.0 0.0 0.0 0.0 
1.68941675204e-08 0.00040336114172 1.10130645394e-08 0.0 
0.0 0.0 0.0 0.0 
7.05218829425e-06 1.25294775421e-08 0.0 2.43269353794e-08 
0.0 0.0 0.0 0.0 
1.40580622613e-05 0.000818238137704 1.97057146224e-05 1.53167283547e-05 
0.0 0.0 0.0 0.0 
0.0 0.0 0.0 0.0 
0.0 0.0 0.0 0.0 
0.0 0.0 0.0 0.0 
0.0 0.0 0.0 0.0 
0.0 0.0 0.0 0.0 
1.54050400051e-07 0.0 0.0 4.45271245869e-07 
0.0 0.0 0.0 0.0 
0.0 0.0 0.0 0.0 
0.0 0.0 0.0 0.0 
9.11110745314e-06 3.38055950208e-07 1.19641237404e-07 0.0 
3.96021446351e-08 0.0 2.02745690282e-08 8.68587459105e-08 
2.4021250327e-08 6.34225482426e-09 0.0 5.05261903362e-08 
0.0 0.0660235976013 2.95365289669e-05 1.36964728502e-08 
0.0373549139245 0.000144321154465 1.60468670298e-08 0.00585900591747 
0.0 0.0 0.0 0.0 
0.0 0.0 0.0 0.0 
0.0 0.0 0.0 0.0 
0.0 0.0 0.0 0.0 
0.0 0.0 0.0 0.0 
0.0 0.0 0.0 0.0 
0.0 0.0 0.0 0.0 
0.0 0.0 0.0 0.0 
0.0 0.0 3.75572708388e-07 1.38410264596e-07 
0.0 0.0 0.0 0.0 
0.0 0.0 0.0 0.0 
3.58338860238e-07 0.0 2.98462629845e-07 2.40132916892e-05 
0.0 0.0 0.0 0.0 
0.0 1.07055220577e-06 3.46830948035e-05 8.39521457468e-06 
2.88593755472e-05 4.40770546961e-05 0.000559422927518 0.00131625225999 
0.0 0.0 0.0 0.0 
0.0 0.0 0.0 0.0 
0.0 0.0 0.0 0.0 
0.0 0.0 0.0 0.0 
0.0 0.0 0.0 0.0 
0.0 0.0 0.0 0.0 
0.0 0.0 0.0 0.0 
0.0 2.52455235169e-07 4.92350004502e-07 0.0 
0.0 0.0 0.0 0.0 
0.0 0.0 0.0 0.0 
4.12870640075e-07 1.98239571831e-05 2.35187654209e-06 0.0 
0.0 0.0 0.0 0.0 
0.0 0.0 0.0 0.0 
0.0 4.1955501308e-07 1.35144667129e-05 3.68766496557e-07 
1.23863433557e-05 0.000828084600903 3.22458840177e-05 1.07528569432e-05 
0.0 0.0 0.0 0.0 
0.0 0.0 0.0 0.0 
0.0 0.0 0.0 0.0 
0.0 0.0 0.0 0.0 
0.0 0.0 0.0 0.0 
1.01611943457e-06 3.12281028755e-07 0.0 0.0 
0.000305215339125 0.0 0.0 1.76304707356e-08 
0.0 0.791613264404 8.27979593287e-08 0.0 
0.0 0.0 9.76971027077e-05 5.06423674744e-09 
0.0 0.0 0.0 0.0 
1.62906268375e-08 1.64086692877e-08 1.09369388126e-07 0.0 
0.000316092817115 0.0 0.000318253517339 1.10480817402e-05 
0.0 0.0 0.0 0.0 
0.0 0.0 0.0 0.0 
0.0 0.0 0.0 0.0 
0.0 0.0 0.0 0.0 
0.0 0.0 0.0 0.0 
0.0 0.0 0.0 0.0 
0.0 0.0 0.0 0.0 
0.0 0.0 0.0 0.0 
0.0 0.0 0.0 0.0 
0.0 0.0 0.0 0.0 
0.0 5.39813719583e-07 0.00239680095146 0.0 
0.0 0.0 0.000635025625271 3.51511818962e-08 
0.0 0.0 0.0 0.0 
0.00203864574519 3.4036940038e-05 0.18868856474 0.0 
0.00218370299167 0.0 0.163002588908 1.98167656098e-05 
0.0 0.0 0.0 0.0 
0.0 0.0 0.0 0.0 
0.0 0.0 0.0 0.0 
0.0 0.0 0.0 0.0 
0.0 0.0 0.0 0.0 
0.0 0.0 0.0 0.0 
0.0 0.0 0.0 0.0 
0.0 0.0 0.0 0.0 
2.83864514771e-07 0.000207693933187 0.0 0.0 
0.0 0.0 0.0 0.0 
0.0 4.94325248043e-09 6.93839807813e-09 0.0 
0.0 0.0 0.0 0.0 
0.0 0.0 0.0 0.0 
0.0 0.0 0.0 0.0 
0.0 0.0 0.0 0.0 
2.11423399373e-05 0.0509680378924 0.0 0.000187546228835 
0.0 4.62521241127e-08 4.02863356235e-06 6.7694782673e-08 
0.0 0.0 0.0 0.0 
0.0 0.0 0.0 0.0 
0.0 0.0 0.0 0.0 
0.0 0.0 0.0 0.0 
0.0 0.0 0.0 0.0 
0.0 0.0 0.0 0.0 
0.0 0.0 0.0 0.0 
8.33939627612e-08 0.0 0.0 0.0 
0.0 0.0 0.0 0.0 
0.0 0.0 1.05003894711e-07 2.56798257962e-06 
0.0 0.000767476447591 0.0 0.163396374994 
0.0 0.0 0.0 0.0 
0.0 0.0 0.0 0.0 
2.80586284762e-05 0.00149250265089 0.0 0.0787783243395 
0.0 9.36955300855e-06 2.44470382765e-07 0.00147494070156 
1.77977806598e-07 2.40184393656e-10 0.0 0.0 
